1.050800000000000000e+04
1.050800000000000000e+04
1.050800000000000182e+04
1.050800000000000000e+04
1.050799999999999818e+04
1.050800000000000000e+04
1.050799999999999818e+04
1.050800000000000000e+04
1.050800000000000364e+04
1.050800000000000000e+04
1.050800000000000000e+04
1.050799999999999818e+04
1.050800000000000000e+04
1.050800000000000182e+04
1.050799999999999818e+04
1.050800000000000000e+04
1.050800000000000000e+04
1.050800000000000000e+04
1.050800000000000182e+04
1.050799999999999818e+04
1.050799999999999818e+04
1.050800000000000000e+04
1.050800000000000000e+04
1.050800000000000000e+04
1.050800000000000000e+04
1.050800000000000000e+04
1.050800000000000000e+04
1.050800000000000000e+04
1.050800000000000000e+04
1.050799999999999818e+04
1.050800000000000182e+04
1.050799999999999818e+04
1.050800000000000182e+04
1.050800000000000000e+04
1.050800000000000000e+04
1.050799999999999818e+04
1.050799999999999818e+04
1.050800000000000000e+04
1.050800000000000000e+04
1.050800000000000000e+04
1.050799999999999818e+04
1.050800000000000182e+04
1.050799999999999818e+04
1.050800000000000000e+04
1.050800000000000000e+04
1.050799999999999818e+04
1.050800000000000000e+04
1.050800000000000000e+04
1.050800000000000000e+04
1.050800000000000000e+04
1.050800000000000182e+04
1.050799999999999818e+04
1.050800000000000000e+04
1.050800000000000000e+04
1.050799999999999818e+04
1.050800000000000000e+04
1.050799999999999818e+04
1.050799999999999818e+04
1.050800000000000182e+04
1.050800000000000000e+04
1.050800000000000000e+04
1.050800000000000000e+04
1.050800000000000000e+04
1.050800000000000000e+04
1.050799999999999818e+04
1.050800000000000182e+04
1.050800000000000000e+04
1.050799999999999818e+04
1.050800000000000000e+04
1.050800000000000000e+04
1.050800000000000000e+04
1.050799999999999818e+04
1.050800000000000000e+04
1.050800000000000000e+04
1.050800000000000000e+04
1.050800000000000000e+04
1.050800000000000000e+04
1.050800000000000000e+04
1.050800000000000182e+04
1.050800000000000182e+04
1.050800000000000364e+04
1.050799999999999818e+04
1.050799999999999818e+04
1.050800000000000000e+04
1.050800000000000364e+04
1.050799999999999818e+04
1.050800000000000000e+04
1.050800000000000000e+04
1.050799999999999818e+04
1.050799999999999818e+04
1.050799999999999818e+04
1.050800000000000182e+04
1.050800000000000182e+04
1.050800000000000000e+04
1.050800000000000000e+04
1.050800000000000000e+04
1.050800000000000000e+04
1.050799999999999818e+04
1.050800000000000000e+04
1.050800000000000000e+04
1.050800000000000000e+04
1.050800000000000000e+04
1.050800000000000000e+04
1.050800000000000000e+04
1.050800000000000000e+04
1.050799999999999818e+04
1.050800000000000000e+04
1.050800000000000000e+04
1.050800000000000000e+04
1.050799999999999818e+04
1.050800000000000000e+04
1.050800000000000000e+04
1.050800000000000000e+04
1.050799999999999818e+04
1.050799999999999818e+04
1.050799999999999818e+04
1.050800000000000182e+04
1.050800000000000182e+04
1.050800000000000000e+04
1.050799999999999818e+04
1.050800000000000182e+04
1.050800000000000000e+04
1.050799999999999818e+04
1.050799999999999818e+04
1.050800000000000182e+04
1.050799999999999818e+04
1.050800000000000000e+04
1.050800000000000000e+04
1.050800000000000000e+04
1.050800000000000000e+04
1.050799999999999818e+04
1.050799999999999818e+04
1.050800000000000182e+04
1.050800000000000000e+04
1.050800000000000000e+04
1.050800000000000000e+04
1.050800000000000000e+04
1.050800000000000182e+04
1.050800000000000182e+04
1.050800000000000000e+04
1.050800000000000000e+04
1.050800000000000182e+04
1.050799999999999818e+04
1.050799999999999818e+04
1.050799999999999818e+04
1.050799999999999818e+04
1.050800000000000182e+04
1.050799999999999818e+04
1.050800000000000000e+04
1.050799999999999818e+04
1.050799999999999818e+04
1.050800000000000182e+04
1.050800000000000000e+04
1.050800000000000000e+04
1.050800000000000000e+04
1.050800000000000000e+04
1.050800000000000000e+04
1.050799999999999818e+04
1.050799999999999636e+04
1.050800000000000000e+04
1.050800000000000000e+04
1.050800000000000000e+04
1.050800000000000000e+04
1.050799999999999818e+04
1.050799999999999818e+04
1.050799999999999818e+04
1.050799999999999818e+04
1.050800000000000000e+04
1.050800000000000182e+04
1.050800000000000000e+04
1.050800000000000000e+04
1.050799999999999818e+04
1.050800000000000000e+04
1.050800000000000000e+04
1.050800000000000182e+04
1.050800000000000000e+04
1.050800000000000000e+04
1.050800000000000000e+04
1.050800000000000000e+04
1.050800000000000000e+04
1.050800000000000182e+04
1.050800000000000000e+04
1.050799999999999818e+04
1.050800000000000000e+04
1.050800000000000000e+04
1.050800000000000000e+04
1.050799999999999818e+04
1.050800000000000182e+04
1.050799999999999636e+04
1.050800000000000182e+04
1.050800000000000182e+04
1.050800000000000000e+04
1.050800000000000182e+04
1.050799999999999818e+04
1.050800000000000182e+04
1.050800000000000000e+04
1.050800000000000000e+04
1.050800000000000000e+04
1.050800000000000000e+04
1.050800000000000000e+04
1.050800000000000000e+04
1.050799999999999636e+04
1.050800000000000000e+04
1.050799999999999818e+04
1.050799999999999818e+04
1.050799999999999818e+04
1.050799999999999818e+04
1.050800000000000000e+04
1.050800000000000000e+04
1.050800000000000182e+04
1.050800000000000182e+04
1.050800000000000000e+04
1.050800000000000000e+04
1.050800000000000000e+04
1.050800000000000000e+04
1.050800000000000182e+04
1.050800000000000000e+04
1.050800000000000000e+04
1.050800000000000182e+04
1.050799999999999818e+04
1.050800000000000182e+04
1.050800000000000000e+04
1.050799999999999818e+04
1.050799999999999818e+04
1.050800000000000182e+04
1.050799999999999818e+04
1.050800000000000182e+04
1.050800000000000000e+04
1.050800000000000182e+04
1.050800000000000000e+04
1.050800000000000000e+04
1.050800000000000182e+04
1.050800000000000000e+04
1.050800000000000182e+04
1.050800000000000000e+04
1.050799999999999818e+04
1.050800000000000000e+04
1.050800000000000000e+04
1.050800000000000000e+04
1.050800000000000182e+04
1.050800000000000182e+04
1.050800000000000182e+04
1.050800000000000000e+04
1.050800000000000000e+04
1.050800000000000000e+04
1.050800000000000000e+04
1.050800000000000000e+04
1.050800000000000000e+04
1.050800000000000182e+04
1.050800000000000000e+04
1.050800000000000000e+04
1.050800000000000182e+04
1.050800000000000182e+04
